One against one:
Confusion matrix: 
[[333  41  18   0]
 [ 55 306  23   1]
 [ 26  14 349   1]
 [ 12   1   4 381]]
Accuracy:  0.874760383387
Precision: [ 0.78169014  0.84530387  0.8857868   0.99477807]
Recall:    [ 0.8494898   0.79480519  0.89487179  0.95728643]
-----------------------------------


One against all:
Confusion matrix: 
[[322  45  25   0]
 [ 32 326  26   1]
 [ 21  15 352   2]
 [  4   1   3 390]]
Accuracy:  0.888178913738
Precision: [ 0.84960422  0.84237726  0.86699507  0.99236641]
Recall:    [ 0.82142857  0.84675325  0.9025641   0.9798995 ]
-----------------------------------


Naive Bayes classifier and NMF decomposition:
Confusion matrix: 
[[311  35  39   7]
 [112 218  46   9]
 [ 46   5 333   6]
 [  0   0   4 394]]
Accuracy:  0.802555910543
Precision: [ 0.66311301  0.84496124  0.78909953  0.94711538]
Recall:    [ 0.79336735  0.56623377  0.85384615  0.98994975]
-----------------------------------


